2
2
2
2
28
31
31
40
43
51
51
66
79
80
91
110
122
123
164
164
171
179
192
197
201
214
246
263
267
284
317
327
351
366
385
389
396
411
439
444
460
464
482
492
493
495
496
498
502
512
523
531
533
546
550
566
568
570
595
603
632
633
648
677
680
695
697
700
700
728
730
734
742
756
757
760
770
772
786
800
807
830
832
837
839
853
862
878
890
901
910
919
979
992
998
1000
1001
1002
1002
1023
1025
1030
1036
1061
1066
1070
1076
1095
1098
1102
1112
1118
1143
1157
1162
1162
1174
1179
1184
1194
1201
1206
1210
1211
1220
1226
1248
1252
1256
1261
1269
1280
1299
1304
1311
1317
1331
1346
1355
1358
1381
1389
1394
1398
1400
1418
1426
1427
1446
1449
1460
1466
1468
1481
1484
1485
1491
1497
1558
1562
1564
1566
1569
1573
1581
1588
1592
1599
1603
1604
1614
1620
1628
1633
1634
1642
1645
1651
1666
1675
1678
1686
1693
1700
1706
1719
1728
1759
1759
1802
1806
1806
1812
1813
1828
1829
1830
1859
1872
1875
1876
1893
1896
1900
1901
1907
1914
1927
1928
1945
1977
1980
2016
2017
2020
2030
2033
2038
2039
2045
2046
2064
2069
2075
2089
2107
2107
2113
2113
2178
2185
2211
2213
2221
2223
2242
2257
2259
2270
2277
2289
2302
2303
2304
2327
2334
2340
2355
2368
2384
2387
2399
2402
2406
2421
2424
2441
2447
2449
2465
2474
2476
2477
2515
2515
2530
2534
2556
2558
2562
2564
2564
2570
2587
2588
2629
2641
2642
2647
2652
2666
2678
2682
2701
2731
2743
2745
2756
2757
2759
2762
2784
2795
2820
2820
2826
2842
2845
2850
2853
2858
2873
2873
2907
2935
2936
2994
3006
3007
3033
3049
3052
3055
3067
3069
3071
3075
3077
3082
3100
3108
3111
3116
3135
3150
3161
3164
3168
3176
3201
3207
3210
3223
3234
3247
3252
3255
3276
3308
3314
3344
3346
3355
3371
3397
3414
3417
3417
3419
3441
3453
3458
3460
3462
3487
3488
3490
3493
3500
3510
3512
3527
3542
3547
3549
3550
3565
3573
3579
3593
3594
3628
3642
3659
3661
3680
3691
3695
3702
3737
3740
3751
3754
3769
3789
3844
3845
3847
3851
3856
3878
3881
3893
3896
3903
3906
3909
3912
3925
3946
3946
3959
3976
3989
3994
3997
4000
4020
4076
4080
4082
4090
4094
4097
4111
4120
4122
4130
4132
4159
4162
4174
4203
4209
4214
4217
4222
4226
4240
4240
4255
4258
4272
4275
4279
4279
4295
4297
4303
4319
4326
4336
4349
4361
4366
4366
4386
4394
4421
4422
4430
4431
4444
4447
4466
4475
4490
4513
4520
4523
4541
4545
4559
4559
4575
4580
4589
4592
4594
4603
4606
4623
4632
4641
4641
4648
4649
4674
4688
4688
4690
4697
4697
4703
4705
4742
4744
4754
4762
4766
4776
4778
4787
4797
4802
4814
4825
4828
4837
4838
4861
4865
4875
4908
4917
4933
4943
4952
4988
5017
5030
5034
5051
5053
5072
5078
5079
5083
5083
5103
5127
5131
5136
5143
5146
5151
5158
5177
5186
5188
5200
5232
5238
5244
5267
5277
5283
5284
5292
5299
5310
5310
5329
5334
5334
5340
5375
5399
5404
5405
5409
5433
5452
5463
5470
5489
5502
5508
5516
5517
5549
5555
5559
5568
5576
5585
5586
5592
5595
5596
5604
5615
5625
5640
5640
5642
5674
5686
5697
5701
5708
5710
5745
5767
5795
5816
5853
5862
5869
5871
5875
5903
5909
5910
5912
5913
5918
5921
5926
5930
5932
5939
5942
5945
5973
5975
5976
5978
5987
5987
5990
6001
6009
6016
6021
6028
6040
6041
6044
6061
6077
6081
6082
6082
6083
6105
6125
6132
6148
6159
6174
6177
6189
6189
6194
6217
6217
6219
6221
6228
6249
6259
6261
6270
6273
6285
6286
6287
6292
6315
6327
6346
6357
6362
6368
6369
6372
6374
6389
6391
6410
6419
6455
6457
6459
6483
6494
6504
6528
6550
6553
6566
6567
6573
6580
6581
6587
6608
6626
6628
6639
6643
6644
6647
6653
6673
6674
6694
6694
6698
6723
6731
6734
6759
6787
6789
6806
6812
6823
6851
6859
6872
6880
6900
6904
6927
6945
6946
6972
7013
7021
7053
7067
7097
7098
7102
7126
7128
7132
7139
7164
7170
7180
7186
7193
7204
7207
7209
7233
7241
7273
7273
7280
7327
7341
7353
7369
7397
7397
7413
7421
7427
7433
7438
7448
7448
7458
7476
7494
7495
7497
7497
7507
7510
7522
7547
7556
7575
7582
7583
7594
7599
7603
7608
7609
7615
7639
7642
7644
7646
7666
7668
7675
7682
7683
7685
7687
7691
7700
7747
7772
7774
7776
7785
7813
7820
7830
7834
7850
7854
7870
7880
7883
7883
7897
7908
7931
7931
7932
7936
7943
7943
7946
7955
7957
8004
8037
8054
8090
8102
8104
8107
8120
8123
8124
8127
8131
8145
8151
8176
8181
8199
8213
8222
8227
8231
8232
8237
8248
8251
8255
8278
8288
8290
8290
8299
8304
8304
8309
8317
8359
8373
8374
8382
8386
8400
8412
8419
8435
8445
8472
8475
8494
8496
8503
8505
8520
8524
8527
8528
8537
8546
8547
8548
8573
8581
8604
8617
8628
8655
8659
8662
8698
8704
8726
8740
8741
8745
8749
8772
8781
8798
8806
8814
8819
8825
8826
8837
8839
8861
8872
8882
8885
8899
8915
8916
8917
8935
8935
8939
8943
8958
8982
8984
8989
8993
9003
9012
9023
9029
9035
9060
9067
9129
9131
9137
9145
9161
9166
9179
9194
9210
9224
9239
9257
9284
9286
9315
9320
9324
9335
9343
9347
9382
9384
9411
9425
9447
9448
9477
9479
9488
9501
9507
9508
9511
9519
9527
9527
9529
9586
9590
9597
9606
9610
9620
9629
9631
9638
9643
9663
9663
9670
9674
9675
9683
9699
9700
9710
9727
9743
9744
9745
9753
9766
9770
9774
9779
9780
9796
9816
9822
9823
9846
9848
9853
9881
9884
9904
9906
9909
9912
9957
9967
9976
9976
9977
9978
9989
9995
